78.8
44.3
74.2
53.0
41.7
27.5
6.4
97.3
57.3
43.4
96.2
9.2
28.6
14.4
66.5
3.5
45.6
73.2
58.4
6.4
15.9
49.5
83.4
34.2
75.8
70.0
39.0
56.3
24.4
56.5
48.8
80.6
27.2
61.0
47.9
72.0
90.0
58.4
84.3
3.5
36.2
96.4
14.5
40.6
17.1
84.3
12.8
10.8
35.0
91.7
92.7
54.4
50.7
93.3
63.8
65.8
83.1
29.4
76.4
6.6
24.5
17.3
47.9
90.5
38.2
37.2
38.2
52.2
88.2
74.3
17.6
11.7
72.2
75.2
37.3
29.8
42.3
4.2
73.5
69.7
70.9
2.9
93.9
64.5
65.7
79.1
43.7
45.5
46.2
51.3
37.2
84.6
11.7
19.3
34.2
55.0
17.7
49.4
50.0
39.5
17.4
31.8
25.0
34.7
83.8
96.8
32.4
20.8
14.7
9.8
88.5
50.9
23.2
67.8
51.6
94.1
7.8
29.6
79.4
99.8
97.9
10.9
96.6
77.2
34.9
32.5
37.8
75.1
93.5
87.9
8.5
55.4
13.9
50.5
27.1
30.6
1.7
52.7
17.1
32.3
1.0
57.7
76.0
0.2
17.9
11.5
9.9
71.0
46.3
95.1
56.9
83.1
98.1
8.8
72.4
42.1
92.3
60.8
18.3
5.7
71.5
29.4
92.1
27.5
76.1
14.5
23.0
18.0
74.3
31.5
57.6
22.0
92.0
30.7
15.7
6.3
20.0
5.2
88.6
76.0
72.6
48.7
91.4
57.0
30.4
56.9
11.0
38.9
63.1
97.9
21.7
7.9
61.2
22.8
54.8
62.5
11.0
96.4
55.1
61.5
60.8
4.8
16.8
1.9
79.9
51.0
71.6
38.6
72.7
50.3
96.0
60.0
10.9
51.6
18.1
87.1
48.7
83.8
75.2
83.3
4.5
5.9
20.9
85.0
50.5
74.8
14.6
92.1
93.4
88.4
34.9
60.9
95.7
74.2
2.7
76.8
74.3
56.3
25.2
10.2
66.7
16.6
10.3
60.4
63.0
59.9
17.8
68.0
39.8
83.5
12.1
46.5
25.3
32.0
78.0
11.8
63.4
67.2
27.6
36.8
83.9
21.4
92.4
52.7
99.0
5.1
35.5
63.5
35.7
73.4
18.1
69.6
9.5
4.0
30.3
0.5
96.3
40.3
85.2
67.9
65.6
28.6
23.2
66.8
25.0
28.2
49.3
44.0
48.4
13.6
42.8
25.5
33.5
75.6
98.9
46.1
84.9
56.9
99.6
85.1
38.8
27.4
49.5
52.0
59.7
40.2
74.3
84.1
59.6
96.3
7.0
80.7
53.5
66.8
50.8
66.5
85.6
96.0
65.8
40.9
33.9
0.0
68.9
40.8
85.2
35.1
24.8
50.7
6.8
83.3
28.9
98.3
19.8
74.5
99.3
63.0
68.3
41.1
36.6
27.7
47.1
12.6
93.8
10.6
31.6
85.7
3.5
46.3
50.2
74.8
73.2
50.7
12.5
37.6
10.2
75.1
22.6
26.2
87.7
57.0
3.9
5.6
31.5
32.5
61.5
1.5
74.2
13.2
47.7
22.0
16.3
41.6
38.7
32.9
56.5
80.1
35.5
75.5
1.6
62.6
88.8
46.6
5.6
15.7
48.7
30.0
73.3
67.1
53.0
18.1
6.3
44.2
83.4
84.8
11.2
13.9
43.2
28.8
74.1
54.0
38.8
25.8
52.4
15.4
25.6
75.6
34.8
76.2
53.2
76.5
35.9
55.8
55.9
91.0
63.6
69.4
14.0
83.6
53.6
25.4
7.2
0.2
13.3
51.0
51.0
33.9
25.3
94.7
83.9
20.4
66.0
63.8
51.3
33.0
24.9
96.1
70.3
97.2
32.5
15.9
0.8
49.4
2.4
55.6
81.7
90.2
88.3
39.0
63.9
58.1
20.8
40.2
33.9
40.6
2.1
55.1
54.3
22.5
37.8
3.0
78.1
36.1
97.1
72.0
38.6
83.4
59.6
92.8
79.4
40.0
81.8
82.3
45.1
73.2
37.2
89.7
5.5
17.6
91.7
31.7
52.0
3.2
2.8
94.6
21.2
58.4
45.3
28.2
1.9
33.9
95.9
61.5
70.6
90.1
41.3
12.3
64.0
38.5
8.6
93.0
57.6
99.1
51.9
88.9
90.3
32.2
72.6
11.7
97.1
93.7
4.7
85.0
2.8
25.8
60.8
12.5
9.7
56.4
56.9
66.3
11.1
71.6
17.5
17.9
64.6
69.6
77.3
83.7
85.0
78.5
59.9
31.2
18.9
3.5
74.8
40.8
32.6
56.4
87.5
68.9
46.8
84.1
53.4
8.1
84.7
48.8
93.8
29.2
46.4
51.3
74.9
38.0
65.2
90.4
97.5
32.9
0.7
43.6
91.2
42.5
59.9
98.4
19.3
46.1
38.6
94.5
14.0
13.9
90.3
14.2
86.0
97.5
7.9
83.3
31.3
66.3
84.2
44.9
42.2
39.7
84.7
62.2
68.9
81.3
6.7
46.1
58.3
77.4
16.8
94.0
28.9
61.0
2.8
34.8
71.3
37.0
81.2
59.7
54.9
64.2
5.7
33.7
46.5
83.4
38.0
17.6
74.8
17.7
39.5
39.0
81.4
12.2
14.8
36.9
28.4
6.2
82.4
1.8
53.8
32.5
99.2
71.8
10.5
98.0
85.9
84.3
48.4
64.7
68.6
12.1
2.5
4.2
57.2
90.5
25.5
8.3
76.4
44.1
1.5
22.6
41.7
16.3
52.3
87.7
99.0
97.5
13.0
9.0
46.8
68.2
91.3
87.2
56.6
89.5
83.6
58.2
96.0
6.1
25.5
55.0
68.3
0.4
20.9
12.2
22.3
8.1
76.5
20.3
5.4
98.5
34.4
16.0
16.5
76.0
83.5
98.0
66.0
84.5
96.3
94.1
45.8
73.4
35.2
44.8
36.9
65.6
26.6
63.9
51.8
25.8
73.5
91.7
80.7
78.9
48.7
95.8
86.7
71.6
81.5
47.1
61.8
73.9
92.4
18.7
23.3
33.1
9.2
25.3
63.4
41.0
87.8
41.6
71.4
69.9
11.1
88.1
37.2
99.9
78.0
42.3
57.6
63.0
69.1
16.0
26.1
8.9
75.6
85.9
27.2
28.1
94.0
5.8
33.2
92.6
52.9
80.8
96.9
87.3
2.1
45.7
51.4
71.5
31.5
90.5
9.9
73.4
9.8
72.5
18.6
79.2
90.6
21.7
63.2
46.9
70.0
54.8
92.6
74.0
69.7
14.9
29.3
77.9
76.1
82.4
2.6
25.9
30.0
77.9
73.6
55.7
21.3
56.2
8.2
49.7
72.4
34.9
90.6
32.3
28.5
43.7
77.8
48.5
26.0
96.8
40.8
1.3
64.0
73.4
67.6
25.8
6.8
17.5
56.1
23.7
93.3
61.1
46.1
48.6
98.7
18.1
8.6
36.0
2.3
12.2
99.3
2.0
96.3
62.9
68.9
37.8
78.8
59.3
91.4
74.6
10.4
81.7
93.7
16.9
82.9
59.8
30.1
94.2
65.9
21.8
23.3
68.4
41.8
55.9
28.2
2.7
85.4
14.9
59.0
71.3
91.1
58.2
89.5
6.8
40.1
29.9
12.9
93.2
29.1
40.8
63.6
51.8
6.9
83.9
63.3
64.0
61.7
24.1
80.3
21.5
53.2
51.5
98.5
1.6
40.0
53.8
72.3
87.6
71.9
2.3
23.3
39.0
67.7
97.5
31.2
44.0
2.7
27.1
75.2
65.1
50.8
25.8
82.6
75.2
65.3
60.7
44.5
25.3
44.4
81.3
77.4
22.7
97.8
90.7
61.1
65.2
23.7
82.3
73.0
96.6
89.8
39.8
42.7
41.2
27.7
61.0
28.6
43.9
65.0
40.5
78.8
46.5
13.2
3.2
14.9
12.0
54.9
41.6
36.6
80.6
17.2
0.9
1.6
35.7
96.1
89.8
46.7
43.0
40.0
4.5
53.3
97.1
24.8
20.2
88.2
75.6
83.3
39.7
25.7
14.7
34.6
90.4
83.3
92.5
68.2
60.7
19.0
38.4
45.3
85.3
81.6
87.3
49.0
3.5
33.3
63.0
49.6
56.1
46.2
5.4
90.0
95.2
95.4
48.0
30.0
97.4
9.6
76.8
80.0
74.0
40.5
28.0
20.9
44.6
60.1
30.6
10.3
24.8
85.9
22.1
5.9
52.0
17.8
43.3
15.5
11.1
71.1
65.9
97.5
42.3
10.4
93.4
94.4
87.3
69.5
77.6
52.9
95.0
35.4
4.8
55.3
78.5
72.7
15.5
12.4
40.9